$ANSIBLE_VAULT;1.1;AES256
62336432623730363461663363323336613762396266333736323137613261376636393730336638
6239363430393336613037346432323236363537383334380a306238646264666230653165633336
39393336656261653932316137376134323837633539386233353335383566656264343231333338
3263616431653464320a646266643764373336336632663466386162623462633565323833396139
33353236313061613934393566376136303330323733613836303962666265373238353931353733
35656238643438663566303034356137353632653132373632363764303734666337373239383366
32336131373530353239346439313966616663396639396362333336383837396634376139383136
61353535336162613833646365313732636663323337363934646532333533383661636535313132
37346463396362666164653839343564623639626261326561376334316138386163306237666134
34313662353234376237616335333063663732313733313537373534306339363563313233643331
31656166306630626538383264333661653337323962386130636463613333623262636338646135
35663763323166383235356335393437376263643366356264326262393764303766383661333838
36323834336333623562323238303764383037343461633236623630383965653963306539643766
62646265623437306166646133376139373531323838353463643936393634393436636661373639
61363034313563333338343435393761656231663430613039363636663237313464613433633635
33313162633134633037386638396239333861656231386236366636326465333131386264666438
33373031393536663038366430383831643333613163323836646130343137303934363038653232
63616436316462376638393934623134636234656263303061393461343531653435386432346634
38386136383964363264326336623738663333313034666634653264643932363164303031646539
34383735373738366633386262326166386631616530326162353464303637653834623338663162
34613239373037613638333232643564323464353830323633316630613539613238613265666561
65373765323238333736346461383162303834343663373738313231653439623061636365343931
63353436376161666565626161623634653637396131623539613236643930326131393032386539
38386139383766303533376637383563383839393762646164386635643438623830393361643466
63663239656663353663613763346262316535383032363130663633633064323165656563656230
39653034633964663633303064366238626139666361353662646435316437303435623466643932
65393639626331343930616238346535343462366531376131363733643135633337336365333161
35316430343833663663636235373932383833313939393933383765663137386233666461663861
66303135363165663934303765616563633238633263383034373232333239393430366231616366
66313834623539383762323733626266313763343864383339633932656464346635663466313165
61303261383437643936306635303163306134633532313238346164366661623238353835613664
37333161666565613533323736393035316333313535633636636435333936323435316133316563
32643532633939396337343163313631656233303635396436343162633731393333373234376464
35376365616366343332353531626139326164353763393638323161373036366363353734313934
61333738653864316234333535363635626165323436346233336130346337633539386433646337
31383336313637626538653130346131393365616266336133333135616638336263613137633138
62643038393664383366633361313836366363343163346430336566626236373463316334666437
36363234316263663265623461636265393832643564393037646663393462376537353036393066
66313634363561356631643834646365616636363063323366346563653233356238613534663534
37396239666632666431313763373362386138623437356163623264333132643930653763626265
65306361653563656266333638386530663038333431353363323732626539636537623530376537
62653664303363303635363163316263653834313630626266316233363836643331313761303135
66356539653632353561343233353231623536633631633261343461356261323938383963396630
33333961633539633532
